account_balance: 97753.90625
downside_deviation: 125816.25499360605
mean: -19.53125
median: -195.3125
roi: -0.0224609375
sharpe: -9.399992884078997e-05
sortino: -5.759266757994223e-07
standard_deviation: 533.9930904098561
total: -1953.125
