account_balance: 107910.15625
downside_deviation: 110291.57094045794
mean: 81.0546875
median: -97.65625
roi: 0.0791015625
sharpe: -8.36241522175484e-05
sortino: 2.638602592369528e-07
standard_deviation: 588.2206494247444
total: 8105.46875
