account_balance: 92968.75
downside_deviation: 124707.2018693343
mean: -70.3125
median: -195.3125
roi: -0.0703125
sharpe: -0.00010700811052858382
sortino: -9.647598390192494e-07
standard_deviation: 473.82506568468256
total: -7031.25
