account_balance: 92285.15625
downside_deviation: 114322.71889057152
mean: -72.265625
median: -292.96875
roi: -0.0771484375
sharpe: -9.54476283635983e-05
sortino: -1.1121887122165552e-06
standard_deviation: 531.418717464378
total: -7226.5625
