account_balance: 87318.65601891429
downside_deviation: 136757.97229022323
mean: -132.66977715208307
median: -239.43570496395284
roi: -0.12681343981085708
sharpe: -0.0001051640281033919
sortino: -1.2928931078009072e-06
standard_deviation: 488.0632541106075
sum: -13266.977715208308
