account_balance: 87207.03125
downside_deviation: 117914.42420463948
mean: -126.953125
median: -195.3125
roi: -0.1279296875
sharpe: -0.00012350377350400609
sortino: -1.5089730429519339e-06
standard_deviation: 415.125220836568
total: -12695.3125
