account_balance: 84179.6875
downside_deviation: 6884819.852073694
mean: -166.015625
median: -292.96875
roi: -0.158203125
sharpe: -5.61971516273967e-05
sortino: -3.024089656278946e-08
standard_deviation: 919.2664530850552
total: -16601.5625
