account_balance: 96863.28125000147
downside_deviation: 79212.36413355687
mean: -37.10937499998932
median: -207.03124999998934
roi: -0.0313671874999853
sharpe: -0.00011033969192449291
sortino: -1.0272031189827295e-06
standard_deviation: 456.5092839344665
total: -3710.9374999989323
