account_balance: 91894.53125
downside_deviation: 2396840.912349396
mean: -79.1015625
median: -195.3125
roi: -0.0810546875
sharpe: -7.291877058024842e-05
sortino: -5.467809182693711e-08
standard_deviation: 696.542402194008
total: -7910.15625
