account_balance: 95496.09375000147
downside_deviation: 85657.83648015032
mean: -41.99218749998932
median: -158.20312499998934
roi: -0.0450390624999853
sharpe: -0.00010739041237137599
sortino: -1.1095197638106225e-06
standard_deviation: 469.5011478365353
total: -4199.218749998932
