account_balance: 79176.20539129
downside_deviation: 258578.49675420488
mean: -203.82173250956674
median: -328.02020348445814
roi: -0.2082379460871
sharpe: -0.0001155234771454757
sortino: -9.986829892223073e-07
standard_deviation: 450.4557741069836
