account_balance: 105066.40625000147
downside_deviation: 86637.28872492674
mean: 48.82812500001068
median: -109.37499999998934
roi: 0.0506640625000147
sharpe: -9.630433061256184e-05
sortino: 7.664857820321383e-09
standard_deviation: 514.1172617583371
total: 4882.812500001068
