account_balance: 101464.84375
downside_deviation: 118897.11600230761
mean: 20.5078125
median: -244.140625
roi: 0.0146484375
sharpe: -8.019645354263005e-05
sortino: -2.9732901594782066e-07
standard_deviation: 620.9117694778174
total: 2050.78125
