account_balance: 106140.62500000147
downside_deviation: 76575.47534225266
mean: 57.617187500010694
median: -109.37499999998934
roi: 0.0614062500000147
sharpe: -0.00010412191729869217
sortino: 1.489543479689114e-07
standard_deviation: 474.67266649747614
total: 5761.71875000107
