account_balance: 84570.3125
downside_deviation: 100021.84537240867
mean: -151.3671875
median: -292.96875
roi: -0.154296875
sharpe: -0.00011943226156765788
sortino: -2.0425225533416913e-06
standard_deviation: 431.32124602545287
total: -15136.71875
