account_balance: 101843.75000000147
downside_deviation: 81230.0967480897
mean: 19.531250000010676
median: -109.37499999998934
roi: 0.0184375000000147
sharpe: -9.007508347377155e-05
sortino: -3.885567205203109e-07
standard_deviation: 552.9241337256406
total: 1953.1250000010677
