account_balance: 77582.77226839535
downside_deviation: 387145.4391012226
mean: -222.27349390538163
median: -323.03999564539106
roi: -0.22417227731604653
sharpe: -9.97986474934053e-05
sortino: -7.08189351145531e-07
standard_deviation: 523.2809887779763
sum: -22227.349390538162
