account_balance: 91894.53125
downside_deviation: 6238314.726482053
mean: -75.1953125
median: -195.3125
roi: -0.0810546875
sharpe: -5.441449291519152e-05
sortino: -2.1008027527637278e-08
standard_deviation: 932.6918327457389
sum: -7519.53125
