account_balance: 100964.84375000147
downside_deviation: 78132.17897833668
mean: 10.742187500010687
median: -109.37499999998934
roi: 0.009648437500014697
sharpe: -0.00011390773476245271
sortino: -5.164525426991276e-07
standard_deviation: 438.0086938700666
total: 1074.2187500010687
