account_balance: 108972.65625000147
downside_deviation: 87040.28256969377
mean: 86.91406250001067
median: -11.718749999989342
roi: 0.08972656250001469
sharpe: -9.574627802154584e-05
sortino: 4.564158264100918e-07
standard_deviation: 513.1359713423424
total: 8691.406250001068
