account_balance: 97753.90625
downside_deviation: 115718.45762588331
mean: -22.4609375
median: -195.3125
roi: -0.0224609375
sharpe: -9.380867162858092e-05
sortino: -6.261830565895161e-07
standard_deviation: 535.394100599309
total: -2246.09375
