account_balance: 104003.90625
downside_deviation: 108786.21752808335
mean: 45.8984375
median: -97.65625
roi: 0.0400390625
sharpe: -8.048417540184094e-05
sortino: -9.15643334821212e-08
standard_deviation: 615.537344796687
total: 4589.84375
