account_balance: 90527.34375
downside_deviation: 385079.1911961199
mean: -101.5625
median: -195.3125
roi: -0.0947265625
sharpe: -9.823714935161018e-05
sortino: -3.7583584314295266e-07
standard_deviation: 519.3109260266194
total: -10156.25
