account_balance: 89648.4375
downside_deviation: 572502.6594803648
mean: -101.5625
median: -195.3125
roi: -0.103515625
sharpe: -0.00010431655967135061
sortino: -2.6814831766779793e-07
standard_deviation: 489.0462756893513
total: -10156.25
