account_balance: 94226.56250000147
downside_deviation: 84229.64316928464
mean: -54.68749999998931
median: -207.03124999998934
roi: -0.0577343749999853
sharpe: -0.00011508930615917465
sortino: -1.279055341401137e-06
standard_deviation: 439.1969739576922
total: -5468.749999998931
