account_balance: 91208.1855747941
downside_deviation: 139462.73735643146
mean: -93.48481196689559
median: -269.9832098140398
roi: -0.08791814425205899
sharpe: -9.622040332281354e-05
sortino: -9.889246896077706e-07
standard_deviation: 529.3560031003577
sum: -9348.48119668956
