account_balance: 103417.96875
downside_deviation: 126149.87621807391
mean: 38.0859375
median: -195.3125
roi: 0.0341796875
sharpe: -6.967606303811038e-05
sortino: -1.2540886265042068e-07
standard_deviation: 712.140417547129
total: 3808.59375
