account_balance: 85253.90625
downside_deviation: 111862.42849237272
mean: -145.5078125
median: -292.96875
roi: -0.1474609375
sharpe: -0.00012327077132637468
sortino: -1.765212325186233e-06
standard_deviation: 417.4150739169651
sum: -14550.78125
