account_balance: 80435.7640574666
downside_deviation: 131717.65740780902
mean: -191.499457374545
median: -263.0044544961962
roi: -0.195642359425334
sharpe: -0.00014656240421673946
sortino: -1.8649159441456242e-06
standard_deviation: 354.2176784775754
