account_balance: -2647.8627549869307
downside_deviation: 117127200.80714786
mean: -6441.6898137415865
median: -7342.955203881507
roi: -1.0264786275498692
sharpe: -1.5030742936098885e-05
sortino: -9.19068004811548e-09
standard_deviation: 7612.191800754189
