account_balance: 97753.90625
downside_deviation: 386866.9492704253
mean: -16.6015625
median: -292.96875
roi: -0.0224609375
sharpe: -7.15121912693113e-05
sortino: -1.8730195907572557e-07
standard_deviation: 701.5029847998549
total: -1660.15625
