account_balance: 91015.625
downside_deviation: 109871.27321236767
mean: -84.9609375
median: -195.3125
roi: -0.08984375
sharpe: -0.00011739542648795966
sortino: -1.272796299808952e-06
standard_deviation: 433.14812932866045
total: -8496.09375
