account_balance: 94335.9375
downside_deviation: 105361.96475783028
mean: -73.2421875
median: -292.96875
roi: -0.056640625
sharpe: -9.03683278442085e-05
sortino: -1.0121358807716681e-06
standard_deviation: 561.3960453319523
total: -7324.21875
