account_balance: 85156.25
downside_deviation: 114174.14946294363
mean: -155.2734375
median: -292.96875
roi: -0.1484375
sharpe: -0.00011653137703615817
sortino: -1.73802477122376e-06
standard_deviation: 442.3935912042287
total: -15527.34375
