account_balance: 91015.625
downside_deviation: 335120.45395134855
mean: -84.9609375
median: -195.3125
roi: -0.08984375
sharpe: -9.260917921618488e-05
sortino: -4.1729398594184865e-07
standard_deviation: 549.0774219723702
total: -8496.09375
