account_balance: 101062.50000000147
downside_deviation: 76120.3854823853
mean: 15.625000000010687
median: -207.03124999998934
roi: 0.010625000000014697
sharpe: -9.235592730762246e-05
sortino: -5.172727351610287e-07
standard_deviation: 539.6919445568288
total: 1562.5000000010687
