account_balance: 98437.5
downside_deviation: 109603.48972238689
mean: -11.71875
median: -195.3125
roi: -0.015625
sharpe: -9.397061153808453e-05
sortino: -5.987491836822041e-07
standard_deviation: 533.3283106249494
total: -1171.875
