account_balance: 95312.5
downside_deviation: 110817.63828320651
mean: -49.8046875
median: -195.3125
roi: -0.046875
sharpe: -8.869509318570457e-05
sortino: -8.741839431050264e-07
standard_deviation: 569.3443127600099
total: -4980.46875
