account_balance: 86914.0625
downside_deviation: 390999.2007998778
mean: -126.953125
median: -195.3125
roi: -0.130859375
sharpe: -0.00012229160244356466
sortino: -4.6255689175325934e-07
standard_deviation: 419.2399987044078
total: -12695.3125
