account_balance: 92386.85653568494
downside_deviation: 151383.06128446152
mean: -72.8532288467929
median: -218.0742492907006
roi: -0.07613143464315057
sharpe: -9.958012809889181e-05
sortino: -8.331938433068082e-07
standard_deviation: 509.4242521770011
