account_balance: 106140.62500000147
downside_deviation: 84318.32115735867
mean: 55.66406250001069
median: -109.37499999998934
roi: 0.0614062500000147
sharpe: -9.360866274676657e-05
sortino: 1.3527605677451564e-07
standard_deviation: 528.1921344048659
total: 5566.406250001069
