account_balance: 83003.54492717868
downside_deviation: 238420.18180482235
mean: -166.7106600582142
median: -277.4658971240407
roi: -0.1699645507282132
sharpe: -0.00011402896129794438
sortino: -9.225919931068693e-07
standard_deviation: 453.10512357980724
sum: -16671.06600582142
