account_balance: 87500.0
downside_deviation: 7031642.505866553
mean: -122.0703125
median: -195.3125
roi: -0.125
sharpe: -5.802491744305874e-05
sortino: -2.4887499592591086e-08
standard_deviation: 882.736337802878
total: -12207.03125
