account_balance: 99316.40625
downside_deviation: 118251.76971089595
mean: -17.578125
median: -195.3125
roi: -0.0068359375
sharpe: -8.916108717589311e-05
sortino: -4.806349844822916e-07
standard_deviation: 562.7542556879707
total: -1757.8125
