account_balance: 94824.21875
downside_deviation: 155964.291608021
mean: -53.7109375
median: -195.3125
roi: -0.0517578125
sharpe: -9.84910604956359e-05
sortino: -6.524430140441631e-07
standard_deviation: 513.1136685977635
total: -5371.09375
