account_balance: 97558.59375
downside_deviation: 110990.78973415561
mean: -25.390625
median: -195.3125
roi: -0.0244140625
sharpe: -8.172125784037087e-05
sortino: -6.704525905098618e-07
standard_deviation: 614.9428872982205
total: -2539.0625
