account_balance: 93164.0625
downside_deviation: 117546.71933117103
mean: -67.3828125
median: -146.484375
roi: -0.068359375
sharpe: -0.00011260788116016832
sortino: -1.0069134695842887e-06
standard_deviation: 450.0025007390367
total: -6738.28125
