account_balance: 88183.59375
downside_deviation: 6918575.793603593
mean: -118.1640625
median: -195.3125
roi: -0.1181640625
sharpe: -5.5453052734009426e-05
sortino: -2.4306167557703443e-08
standard_deviation: 922.9724623187468
total: -11816.40625
