account_balance: 97156.25000000147
downside_deviation: 70332.74114759937
mean: -30.273437499989335
median: -207.03124999998934
roi: -0.0284374999999853
sharpe: -0.00011769633572450334
sortino: -1.1152345084258468e-06
standard_deviation: 427.39422655218067
total: -3027.3437499989336
