account_balance: 88281.25
downside_deviation: 113413.90880348958
mean: -111.328125
median: -292.96875
roi: -0.1171875
sharpe: -9.856122305740613e-05
sortino: -1.4741357719156213e-06
standard_deviation: 518.5942266587897
total: -11132.8125
