account_balance: -10742.94322244737
downside_deviation: 121907195.88322978
mean: -1666.6181035429588
median: -3076.8423878802123
roi: -1.1074294322244738
sharpe: -6.03629926657868e-06
sortino: -9.494348744869262e-09
standard_deviation: 11044.214027714264
