account_balance: 83823.53827092354
downside_deviation: 140054.84103128646
mean: -160.59695244905913
median: -284.17556279226596
roi: -0.16176461729076458
sharpe: -0.00011341455789234709
sortino: -1.5120121213336644e-06
standard_deviation: 455.0206823843099
sum: -16059.695244905912
