account_balance: 103906.25
downside_deviation: 253071.65770098526
mean: 44.921875
median: -97.65625
roi: 0.0390625
sharpe: -7.51490141789427e-05
sortino: -4.3218984296230893e-08
standard_deviation: 659.3670162061087
total: 4492.1875
