account_balance: 93554.6875
downside_deviation: 105552.76140146561
mean: -80.078125
median: -292.96875
roi: -0.064453125
sharpe: -9.461685636500665e-05
sortino: -1.0843214661593003e-06
standard_deviation: 536.9104745355744
total: -8007.8125
