account_balance: 96679.6875
downside_deviation: 102514.32102513518
mean: -28.3203125
median: -195.3125
roi: -0.033203125
sharpe: -8.56907224491922e-05
sortino: -8.116244068923763e-07
standard_deviation: 586.7986835425965
total: -2832.03125
