account_balance: 94531.25
downside_deviation: 1869453.31659256
mean: -59.5703125
median: -195.3125
roi: -0.0546875
sharpe: -7.654132963327488e-05
sortino: -5.599899129378273e-08
standard_deviation: 661.0246172546823
total: -5957.03125
