account_balance: 86523.4375
downside_deviation: 144553.5262837294
mean: -136.71875
median: -292.96875
roi: -0.134765625
sharpe: -0.00011093985418032423
sortino: -1.2781813750938343e-06
standard_deviation: 463.0183434035038
total: -13671.875
