account_balance: 97156.25000000147
downside_deviation: 85577.53485167991
mean: -27.34374999998933
median: -207.03124999998934
roi: -0.0284374999999853
sharpe: -9.41235697528139e-05
sortino: -9.165664813310004e-07
standard_deviation: 534.1216618964553
total: -2734.374999998933
