account_balance: 104773.43750000147
downside_deviation: 79605.46576065838
mean: 46.87500000001071
median: -109.37499999998934
roi: 0.0477343750000147
sharpe: -0.00010458287733320628
sortino: -2.84606713664251e-08
standard_deviation: 473.60764269461487
total: 4687.5000000010705
