account_balance: 97839.84375000147
downside_deviation: 91561.23462826932
mean: -24.414062499989328
median: -207.03124999998934
roi: -0.0216015624999853
sharpe: -0.00010274988931264092
sortino: -7.820073941846837e-07
standard_deviation: 488.9945961121201
total: -2441.4062499989327
