account_balance: 94226.56250000147
downside_deviation: 81006.75439482366
mean: -60.546874999989306
median: -207.03124999998934
roi: -0.0577343749999853
sharpe: -0.00012831293177644553
sortino: -1.3299431115940322e-06
standard_deviation: 394.39102551384127
total: -6054.68749999893
