account_balance: 75097.65625
downside_deviation: 352353.87645325076
mean: -244.140625
median: -341.796875
roi: -0.2490234375
sharpe: -0.00012959526620488125
sortino: -8.486452327697706e-07
standard_deviation: 404.6552608418098
total: -24414.0625
