account_balance: 91015.625
downside_deviation: 135533.53442822187
mean: -83.984375
median: -195.3125
roi: -0.08984375
sharpe: -0.00010716290593610757
sortino: -1.0318018384893577e-06
standard_deviation: 474.4164345478987
total: -8398.4375
