account_balance: 92871.09375
downside_deviation: 102023.83327563232
mean: -73.2421875
median: -292.96875
roi: -0.0712890625
sharpe: -0.00010018676190864104
sortino: -1.1888306742241281e-06
standard_deviation: 506.3784966047931
total: -7324.21875
