account_balance: 95996.09375
downside_deviation: 104773.56534657194
mean: -40.0390625
median: -195.3125
roi: -0.0400390625
sharpe: -8.613410444303289e-05
sortino: -8.593681259406142e-07
standard_deviation: 585.1386155449454
total: -4003.90625
