account_balance: 89062.5
downside_deviation: 184211.4149654252
mean: -104.4921875
median: -195.3125
roi: -0.109375
sharpe: -0.00011757175259931241
sortino: -8.651743977424701e-07
standard_deviation: 434.15974285049936
sum: -10449.21875
