account_balance: 100769.53125000147
downside_deviation: 67533.33198408407
mean: 10.742187500010688
median: -109.37499999998934
roi: 0.007695312500014697
sharpe: -0.00010700303610716193
sortino: -6.264267770758811e-07
standard_deviation: 466.2725464633847
total: 1074.2187500010689
