account_balance: 100476.56250000147
downside_deviation: 86682.88885855369
mean: 5.859375000010678
median: -207.03124999998934
roi: 0.004765625000014697
sharpe: -0.00010145627240622866
sortino: -5.218374190758372e-07
standard_deviation: 492.2456252880612
total: 585.9375000010677
