account_balance: 107898.43750000147
downside_deviation: 79747.72759452934
mean: 71.28906250001067
median: -11.718749999989342
roi: 0.07898437500001469
sharpe: -0.00010743770856292927
sortino: 3.634507950794952e-07
standard_deviation: 458.7505637848843
total: 7128.906250001068
