account_balance: 94812.50000000147
downside_deviation: 87680.23548866992
mean: -53.71093749998931
median: -158.20312499998934
roi: -0.0518749999999853
sharpe: -0.00011318378924543157
sortino: -1.1618924086164166e-06
standard_deviation: 446.50483706119354
total: -5371.093749998931
