account_balance: 91601.5625
downside_deviation: 102618.69069134314
mean: -84.9609375
median: -292.96875
roi: -0.083984375
sharpe: -0.00010988778574606503
sortino: -1.3056527431537657e-06
standard_deviation: 462.74123215573917
total: -8496.09375
