account_balance: 94140.625
downside_deviation: 108645.36768125744
mean: -55.6640625
median: -195.3125
roi: -0.05859375
sharpe: -9.98812420406638e-05
sortino: -9.995248975417997e-07
standard_deviation: 506.16752046813065
total: -5566.40625
