account_balance: 89941.40625
downside_deviation: 178553.47943470813
mean: -106.4453125
median: -244.140625
roi: -0.1005859375
sharpe: -0.00010302193359193037
sortino: -8.433660210752988e-07
standard_deviation: 495.6658387646477
sum: -10644.53125
