account_balance: 88065.51835505369
downside_deviation: 277619.16060644545
mean: -121.46707679489667
median: -293.6885030555558
roi: -0.11934481644946311
sharpe: -9.328675397322087e-05
sortino: -6.099896566200174e-07
standard_deviation: 549.0026031203828
sum: -12146.707679489667
