account_balance: 85742.1875
downside_deviation: 1483374.8306094462
mean: -138.671875
median: -292.96875
roi: -0.142578125
sharpe: -8.245704409600311e-05
sortino: -1.2982431751311236e-07
standard_deviation: 623.193801249672
total: -13867.1875
