account_balance: 103796.87500000147
downside_deviation: 76594.71354778962
mean: 40.03906250001068
median: -109.37499999998934
roi: 0.0379687500000147
sharpe: -8.722080311862078e-05
sortino: -1.570767673473792e-07
standard_deviation: 568.6671940814871
total: 4003.9062500010677
