account_balance: 86230.46875
downside_deviation: 108137.86589715736
mean: -132.8125
median: -292.96875
roi: -0.1376953125
sharpe: -0.00011588680463096038
sortino: -1.7357038715606275e-06
standard_deviation: 442.9160434913498
total: -13281.25
