account_balance: 86621.09375
downside_deviation: 232526.7432966776
mean: -133.7890625
median: -244.140625
roi: -0.1337890625
sharpe: -0.0001152310691921546
sortino: -7.90399675728938e-07
standard_deviation: 445.5212555512354
total: -13378.90625
