account_balance: 110828.12500000147
downside_deviation: 83607.56826774651
mean: 110.35156250001067
median: -11.718749999989342
roi: 0.10828125000001469
sharpe: -8.800817455730232e-05
sortino: 6.970810323459436e-07
standard_deviation: 555.5902576204815
total: 11035.156250001068
