account_balance: 99609.375
downside_deviation: 225738.80799099815
mean: 0.0
median: -97.65625
roi: -0.00390625
sharpe: -8.806667726768403e-05
sortino: -2.3879921436525723e-07
standard_deviation: 567.751634912056
total: 0.0
