account_balance: 90039.0625
downside_deviation: 114880.60689272804
mean: -99.609375
median: -195.3125
roi: -0.099609375
sharpe: -0.0001119467303786554
sortino: -1.302303139290521e-06
standard_deviation: 455.538929788371
total: -9960.9375
