account_balance: 81452.86029395115
downside_deviation: 5501435.549961544
mean: -179.72588863461425
median: -319.72704232905437
roi: -0.1854713970604885
sharpe: -6.007496722781929e-05
sortino: -4.28018096226056e-08
standard_deviation: 862.2103561025342
sum: -17972.588863461424
