account_balance: 100195.3125
downside_deviation: 193886.02269021948
mean: 6.8359375
median: -195.3125
roi: 0.001953125
sharpe: -8.849107113151297e-05
sortino: -2.4780989538769734e-07
standard_deviation: 564.2562575696817
total: 683.59375
