account_balance: 108093.75000000147
downside_deviation: 82868.86023665196
mean: 79.1015625000107
median: -109.37499999998934
roi: 0.08093750000001469
sharpe: -8.372199371047296e-05
sortino: 3.7333082549543e-07
standard_deviation: 587.7665138407261
total: 7910.15625000107
