account_balance: 86888.11487714131
downside_deviation: 172135.27808021675
mean: -126.23415466544951
median: -245.47766179260356
roi: -0.13111885122858685
sharpe: -0.00010671105769815389
sortino: -1.0521890297477757e-06
standard_deviation: 480.38453232894284
sum: -12623.415466544951
