account_balance: 98144.53125
downside_deviation: 113142.00220834104
mean: -34.1796875
median: -195.3125
roi: -0.0185546875
sharpe: -9.035867456067306e-05
sortino: -6.059172205010353e-07
standard_deviation: 557.1329716794046
total: -3417.96875
