account_balance: 82617.1875
downside_deviation: 117706.75236318244
mean: -172.8515625
median: -292.96875
roi: -0.173828125
sharpe: -0.00011722842900615021
sortino: -1.9015742130866173e-06
standard_deviation: 441.2625509319599
total: -17285.15625
