account_balance: 187294.05593338632
downside_deviation: 144071332.34684768
mean: 855.6197431965849
median: 498.0750519227786
roi: 0.8729405593338632
sharpe: -3.974620493040912e-06
sortino: 5.712035461382816e-09
standard_deviation: 10427.109365685936
