account_balance: 100476.56250000147
downside_deviation: 72479.58658640581
mean: 9.765625000010681
median: -109.37499999998934
roi: 0.004765625000014697
sharpe: -0.00010774837386375706
sortino: -6.240981375640104e-07
standard_deviation: 463.13779002455425
total: 976.5625000010682
