account_balance: 100183.59375000147
downside_deviation: 85543.27555907011
mean: 3.9062500000106595
median: -109.37499999998934
roi: 0.0018359375000146973
sharpe: -0.00011128472947220892
sortino: -5.630373887977509e-07
standard_deviation: 448.94692863028087
total: 390.6250000010659
