account_balance: 91992.1875
downside_deviation: 179628.80560960973
mean: -86.9140625
median: -292.96875
roi: -0.080078125
sharpe: -9.879804781623793e-05
sortino: -7.241495847982252e-07
standard_deviation: 514.8800178685253
total: -8691.40625
