account_balance: 83593.75
downside_deviation: 1035570.9481148503
mean: -143.5546875
median: -292.96875
roi: -0.1640625
sharpe: -9.431090165818146e-05
sortino: -2.067096420478757e-07
standard_deviation: 545.3828345467629
total: -14355.46875
