account_balance: 104285.15625000147
downside_deviation: 83204.18114394671
mean: 41.99218750001066
median: -109.37499999998934
roi: 0.0428515625000147
sharpe: -9.179841278644366e-05
sortino: -8.591440239785797e-08
standard_deviation: 540.0973352376049
total: 4199.218750001066
