account_balance: 96484.375
downside_deviation: 110020.2935184955
mean: -30.2734375
median: -146.484375
roi: -0.03515625
sharpe: -9.592677763244275e-05
sortino: -7.740049337869145e-07
standard_deviation: 524.3867835083772
total: -3027.34375
