account_balance: 90527.34375
downside_deviation: 100527.78436983262
mean: -106.4453125
median: -244.140625
roi: -0.0947265625
sharpe: -0.0001054656219280125
sortino: -1.4396672860864421e-06
standard_deviation: 484.1810268739038
total: -10644.53125
