account_balance: 101550.78125000147
downside_deviation: 84177.41039072783
mean: 19.531250000010665
median: -109.37499999998934
roi: 0.015507812500014697
sharpe: -9.451318272855652e-05
sortino: -4.097558637154824e-07
standard_deviation: 526.960219327708
total: 1953.1250000010666
