account_balance: 100585.9375
downside_deviation: 186196.6375030054
mean: 8.7890625
median: -195.3125
roi: 0.005859375
sharpe: -9.097547068758722e-05
sortino: -2.3706456567609892e-07
standard_deviation: 548.6326039070448
total: 878.90625
