account_balance: 88769.53125
downside_deviation: 103890.61002847378
mean: -113.28125
median: -292.96875
roi: -0.1123046875
sharpe: -0.00011645796857864479
sortino: -1.5622652273917384e-06
standard_deviation: 439.0666703538598
total: -11328.125
