account_balance: 85058.59375
downside_deviation: 236032.18502635488
mean: -143.5546875
median: -244.140625
roi: -0.1494140625
sharpe: -0.0001146379627971079
sortino: -8.448596214865096e-07
standard_deviation: 448.6781308739169
total: -14355.46875
