account_balance: 99414.0625
downside_deviation: 109581.54146961549
mean: -7.8125
median: -97.65625
roi: -0.005859375
sharpe: -9.576502034511764e-05
sortino: -5.097516812673105e-07
standard_deviation: 522.9271065732418
total: -781.25
