account_balance: 210440.95484392968
downside_deviation: 119443595.76151687
mean: 980.0689796195562
median: 1076.8436712370594
roi: 1.1044095484392968
sharpe: -4.294441550697414e-06
sortino: 8.827677547020176e-09
standard_deviation: 9360.7771183371
