account_balance: 116013.3536955134
downside_deviation: 106845080.70343971
mean: 115.96746665122993
median: 795.8726731270042
roi: 0.16013353695513405
sharpe: -5.233468072591494e-06
sortino: 1.030777797443214e-09
standard_deviation: 9332.305969204677
