account_balance: 118542.96875000147
downside_deviation: 77789.04764986978
mean: 184.5703125000107
median: -11.718749999989342
roi: 0.1854296875000147
sharpe: -7.886834414322281e-05
sortino: 1.7409865731945546e-06
standard_deviation: 610.5655874751595
total: 18457.03125000107
