account_balance: 97546.87500000147
downside_deviation: 86149.52538657619
mean: -36.132812499989335
median: -158.20312499998934
roi: -0.0245312499999853
sharpe: -0.0001081736037336027
sortino: -8.651382542799099e-07
standard_deviation: 465.5602326887795
total: -3613.2812499989336
