account_balance: 97167.96875
downside_deviation: 95612.7994024115
mean: -27.34375
median: -195.3125
roi: -0.0283203125
sharpe: -0.00010503585446098814
sortino: -8.191404601633768e-07
standard_deviation: 478.63120415393286
total: -2734.375
