account_balance: 91894.53125
downside_deviation: 140287.29050502504
mean: -81.0546875
median: -195.3125
roi: -0.0810546875
sharpe: -0.00010764830146214371
sortino: -9.341878870723906e-07
standard_deviation: 472.00509608475676
total: -8105.46875
