account_balance: 88281.25
downside_deviation: 131538.21597178662
mean: -114.2578125
median: -292.96875
roi: -0.1171875
sharpe: -0.00010390975283313032
sortino: -1.2710184547117449e-06
standard_deviation: 492.18265591614255
total: -11425.78125
