account_balance: 225909.4274743422
downside_deviation: 133975902.50879799
mean: 1158.8071416240737
median: 1480.6571840642557
roi: 1.259094274743422
sharpe: -3.7176883096920783e-06
sortino: 9.024714535242802e-09
standard_deviation: 10332.207916306133
