account_balance: 93640.62500000147
downside_deviation: 77389.6387788997
mean: -58.593749999989306
median: -207.03124999998934
roi: -0.06359374999998531
sharpe: -0.00010571516631075872
sortino: -1.4678159995619035e-06
standard_deviation: 478.5116390140108
total: -5859.37499999893
