account_balance: 94531.25
downside_deviation: 127763.59272268496
mean: -50.78125
median: -195.3125
roi: -0.0546875
sharpe: -9.266853112443129e-05
sortino: -8.193844409747276e-07
standard_deviation: 545.0373701529843
total: -5078.125
