account_balance: 91308.59375
downside_deviation: 205967.22844389806
mean: -83.984375
median: -195.3125
roi: -0.0869140625
sharpe: -8.920296536066767e-05
sortino: -6.647371212129168e-07
standard_deviation: 569.9344583943266
total: -8398.4375
