account_balance: 71522.28171522674
downside_deviation: 0.0
mean: 0.005877191325243248
median: 0.0
roi: -0.2847771828477326
sharpe: -2.8822932306328513
sortino: 0.0
standard_deviation: 0.017347277749775826
