account_balance: 108191.40625000147
downside_deviation: 91842.67703510517
mean: 77.1484375000107
median: -109.37499999998934
roi: 0.08191406250001469
sharpe: -8.612137911804548e-05
sortino: 3.474861962899462e-07
standard_deviation: 571.6178274098814
total: 7714.84375000107
