account_balance: 61319.01185360232
downside_deviation: 141053864.51091826
mean: -425.76572847491036
median: 1005.1407099655917
roi: -0.38680988146397677
sharpe: -5.125069199647826e-06
sortino: -3.0967594044909387e-09
standard_deviation: 10586.717012226385
