account_balance: 95593.75000000147
downside_deviation: 79681.52311693915
mean: -44.92187499998931
median: -207.03124999998934
roi: -0.0440624999999853
sharpe: -0.00011715400194430427
sortino: -1.1804806976636341e-06
standard_deviation: 430.6230936437303
total: -4492.187499998931
