account_balance: 89062.5
downside_deviation: 110570.13042730723
mean: -106.4453125
median: -195.3125
roi: -0.109375
sharpe: -0.00011067590011311963
sortino: -1.4413928914082165e-06
standard_deviation: 461.38728551390176
sum: -10644.53125
