account_balance: 132929.40460473142
downside_deviation: 130609285.39067006
mean: 314.8675943710242
median: 1666.9912196361477
roi: 0.32929404604731416
sharpe: -4.966014257428589e-06
sortino: 2.138393493325592e-09
standard_deviation: 9434.39177328288
