account_balance: 99804.6875
downside_deviation: 106713.52137575488
mean: 0.0
median: -195.3125
roi: -0.001953125
sharpe: -8.907379208182029e-05
sortino: -4.868466931858146e-07
standard_deviation: 561.3323384062467
total: 0.0
