account_balance: 88476.5625
downside_deviation: 154287.69131002153
mean: -123.046875
median: -292.96875
roi: -0.115234375
sharpe: -9.3540867046365e-05
sortino: -1.0709498184659622e-06
standard_deviation: 547.6800714772808
sum: -12304.6875
