account_balance: 84472.65625
downside_deviation: 905596.3927999521
mean: -149.4140625
median: -244.140625
roi: -0.1552734375
sharpe: -9.766640369173955e-05
sortino: -2.266721015366779e-07
standard_deviation: 527.2451803132716
total: -14941.40625
