account_balance: 95410.15625
downside_deviation: 167347.9314557752
mean: -41.015625
median: -97.65625
roi: -0.0458984375
sharpe: -9.535808292878116e-05
sortino: -5.73048239471923e-07
standard_deviation: 528.6406217672095
total: -4101.5625
