account_balance: 88964.84375
downside_deviation: 1838783.1937226413
mean: -104.4921875
median: -195.3125
roi: -0.1103515625
sharpe: -8.487682643059313e-05
sortino: -8.720525782888307e-08
standard_deviation: 601.3999818518344
total: -10449.21875
