account_balance: 157103.07331269118
downside_deviation: 113589472.82484263
mean: 472.9134292999027
median: -259.8663188651462
roi: 0.5710307331269118
sharpe: -4.80194079082747e-06
sortino: 4.586963212078219e-09
standard_deviation: 9427.61847323817
