account_balance: 76464.84375
downside_deviation: 1385334.0291351485
mean: -231.4453125
median: -292.96875
roi: -0.2353515625
sharpe: -0.00010333864490017709
sortino: -2.0598033145705832e-07
standard_deviation: 506.2428791816908
total: -23144.53125
