account_balance: 84570.3125
downside_deviation: 118221.1184139946
mean: -152.34375
median: -195.3125
roi: -0.154296875
sharpe: -0.00013852398051667235
sortino: -1.7280912051988848e-06
standard_deviation: 371.9459786516803
total: -15234.375
