account_balance: 88281.25
downside_deviation: 5901661.940272221
mean: -115.234375
median: -195.3125
roi: -0.1171875
sharpe: -5.766582595559477e-05
sortino: -2.8328884590818882e-08
standard_deviation: 887.0477948133365
total: -11523.4375
