account_balance: 103796.87500000147
downside_deviation: 85784.09166595506
mean: 36.132812500010694
median: -109.37499999998934
roi: 0.0379687500000147
sharpe: -9.670088598458604e-05
sortino: -1.4025036304907475e-07
standard_deviation: 513.3217898635615
total: 3613.281250001069
