account_balance: 78906.25
downside_deviation: 1792231.2776890015
mean: -208.0078125
median: -341.796875
roi: -0.2109375
sharpe: -9.425572060799511e-05
sortino: -1.4559365370325793e-07
standard_deviation: 552.5402361687783
sum: -20800.78125
