account_balance: 88769.53125
downside_deviation: 114282.23844266667
mean: -109.375
median: -292.96875
roi: -0.1123046875
sharpe: -0.0001149249118385536
sortino: -1.4202092093376811e-06
standard_deviation: 444.5837650219515
total: -10937.5
