account_balance: 106335.93750000147
downside_deviation: 90430.95904930233
mean: 65.42968750001066
median: -11.718749999989342
roi: 0.06335937500001469
sharpe: -8.724279572222306e-05
sortino: 1.4773010416411985e-07
standard_deviation: 565.6135009945609
total: 6542.968750001066
