account_balance: -2138.8349682632634
downside_deviation: 92136607.45892513
mean: -6098.439953085633
median: -5212.146606415668
roi: -1.0213883496826326
sharpe: -1.4181953764870605e-05
sortino: -1.1628259160293717e-08
standard_deviation: 7825.748227001709
