account_balance: 90320.31250000147
downside_deviation: 79617.73658323329
mean: -91.7968749999893
median: -304.6874999999893
roi: -0.09679687499998531
sharpe: -0.00011311392849709316
sortino: -1.843771015099408e-06
standard_deviation: 450.1476469479035
total: -9179.68749999893
