account_balance: 88671.875
downside_deviation: 113267.64602870657
mean: -110.3515625
median: -195.3125
roi: -0.11328125
sharpe: -0.00012679551344729525
sortino: -1.441552426706369e-06
standard_deviation: 403.03883186089274
sum: -11035.15625
