account_balance: 98535.15625
downside_deviation: 468752.61988979846
mean: -9.765625
median: -195.3125
roi: -0.0146484375
sharpe: -8.655223565083186e-05
sortino: -1.3791589584117642e-07
standard_deviation: 578.8141215913064
total: -976.5625
