account_balance: 95496.09375000147
downside_deviation: 93809.75644557895
mean: -40.039062499989335
median: -207.03124999998934
roi: -0.0450390624999853
sharpe: -0.00011255286693700775
sortino: -1.0131042452404137e-06
standard_deviation: 447.79304158646966
total: -4003.906249998933
