account_balance: 95800.78125
downside_deviation: 110990.78973415561
mean: -49.8046875
median: -292.96875
roi: -0.0419921875
sharpe: -9.182841780970631e-05
sortino: -8.288272181893567e-07
standard_deviation: 549.9174229446686
total: -4980.46875
