account_balance: 168551.4492926609
downside_deviation: 84105062.70273429
mean: 721.0599889125286
median: -832.8172769710043
roi: 0.6855144929266089
sharpe: -4.471522804319661e-06
sortino: 7.556197837611838e-09
standard_deviation: 9569.312733804807
