account_balance: 103015.62500000147
downside_deviation: 83691.38391616955
mean: 34.179687500010644
median: -207.03124999998934
roi: 0.0301562500000147
sharpe: -8.147835341816077e-05
sortino: -2.3710624763789337e-07
standard_deviation: 609.4649810870078
total: 3417.9687500010646
