account_balance: 89160.15625
downside_deviation: 100077.95436776374
mean: -103.515625
median: -195.3125
roi: -0.1083984375
sharpe: -0.00010772075465288966
sortino: -1.582750551814056e-06
standard_deviation: 473.7727322320699
total: -10351.5625
