account_balance: 93508.69326770841
downside_deviation: 191696.36226861406
mean: -60.10978500627818
median: -204.88742559712225
roi: -0.06491306732291588
sharpe: -0.0001008221259126402
sortino: -5.994535627227721e-07
standard_deviation: 501.8848530719074
sum: -6010.978500627818
