account_balance: 102136.71875000147
downside_deviation: 88644.52148075886
mean: 9.765625000010694
median: -109.37499999998934
roi: 0.0213671875000147
sharpe: -0.00010229907347792077
sortino: -3.230071302962623e-07
standard_deviation: 487.80836476266154
total: 976.5625000010693
