account_balance: 83203.125
downside_deviation: 6179167.514290594
mean: -170.8984375
median: -292.96875
roi: -0.16796875
sharpe: -6.047283283645791e-05
sortino: -3.527477601083034e-08
standard_deviation: 855.07792424478
total: -17089.84375
