account_balance: 101062.50000000147
downside_deviation: 85152.88823870446
mean: 13.671875000010687
median: -158.20312499998934
roi: 0.010625000000014697
sharpe: -0.00010089175406661088
sortino: -4.62403575667422e-07
standard_deviation: 494.2255361828589
total: 1367.1875000010687
