account_balance: 94335.9375
downside_deviation: 107589.749263007
mean: -65.4296875
median: -195.3125
roi: -0.056640625
sharpe: -0.00010083523179593063
sortino: -9.911783021197787e-07
standard_deviation: 502.34720516648065
total: -6542.96875
