account_balance: 85546.875
downside_deviation: 159454.8426784282
mean: -144.53125
median: -292.96875
roi: -0.14453125
sharpe: -0.00010991805884417922
sortino: -1.2199770589113447e-06
standard_deviation: 468.03330627344246
total: -14453.125
