account_balance: 93749.04587901299
downside_deviation: 305110.74076305307
mean: -63.09961534018928
median: -242.35430713065443
roi: -0.06250954120987008
sharpe: -7.851711416420137e-05
sortino: -3.6874985432664345e-07
standard_deviation: 644.8402579788942
sum: -6309.961534018928
