account_balance: 88139.13962220443
downside_deviation: 959740.408520789
mean: -115.37473457014634
median: -241.73702993250944
roi: -0.11860860377795572
sharpe: -8.891214287461789e-05
sortino: -1.756814679063328e-07
standard_deviation: 575.3291473116044
sum: -11537.473457014634
