account_balance: 63650.72586555271
downside_deviation: 164173622.28967124
mean: -281.4730380233181
median: 483.20189601958407
roi: -0.3634927413444729
sharpe: -4.567806289740294e-06
sortino: -2.518630798161339e-09
standard_deviation: 11562.38400451872
