account_balance: 96277.34375000147
downside_deviation: 82502.95887657195
mean: -44.92187499998931
median: -207.03124999998934
roi: -0.0372265624999853
sharpe: -0.00011951291072917823
sortino: -1.0572537480804789e-06
standard_deviation: 422.12358850768976
total: -4492.187499998931
