account_balance: 90917.96875
downside_deviation: 137677.60436232542
mean: -84.9609375
median: -292.96875
roi: -0.0908203125
sharpe: -9.362155600549667e-05
sortino: -1.0228265748247907e-06
standard_deviation: 543.1399727218221
total: -8496.09375
