account_balance: 83437.7099388746
downside_deviation: 151566.95307851073
mean: -160.06859745482242
median: -322.7343843008823
roi: -0.165622900611254
sharpe: -0.00010332760705247316
sortino: -1.422624762401621e-06
standard_deviation: 499.3891511330918
sum: -16006.859745482241
