account_balance: 93261.71875
downside_deviation: 102952.33657423934
mean: -62.5
median: -195.3125
roi: -0.0673828125
sharpe: -0.00010566309782491201
sortino: -1.1401665703366994e-06
standard_deviation: 479.1171283269364
total: -6250.0
