account_balance: 95214.84375
downside_deviation: 112146.68656193197
mean: -73.2421875
median: -292.96875
roi: -0.0478515625
sharpe: -9.521697296635256e-05
sortino: -8.725319088759914e-07
standard_deviation: 532.8085980314418
sum: -7324.21875
