account_balance: 96386.71875
downside_deviation: 95532.98885000873
mean: -33.203125
median: -292.96875
roi: -0.0361328125
sharpe: -8.864572539406396e-05
sortino: -9.016028236615999e-07
standard_deviation: 567.7885879579075
sum: -3320.3125
