account_balance: 99707.03125
downside_deviation: 145528.62876694446
mean: 0.0
median: -195.3125
roi: -0.0029296875
sharpe: -8.03143430576843e-05
sortino: -3.637063576319666e-07
standard_deviation: 622.5538066605167
total: 0.0
