account_balance: 106531.25000000147
downside_deviation: 78702.89022840516
mean: 61.523437500010694
median: -109.37499999998934
roi: 0.06531250000001469
sharpe: -8.804774790606525e-05
sortino: 1.9456083449509912e-07
standard_deviation: 560.8861873183469
total: 6152.34375000107
