account_balance: 90039.0625
downside_deviation: 134350.4212849074
mean: -109.375
median: -195.3125
roi: -0.099609375
sharpe: -0.00012039330640538426
sortino: -1.1135757786924537e-06
standard_deviation: 424.39028817730826
total: -10937.5
