account_balance: 159907.08937219004
downside_deviation: 129939022.72506051
mean: 558.5337313882047
median: 845.7089740919636
roi: 0.5990708937219004
sharpe: -4.454303645510035e-06
sortino: 4.225604304287295e-09
standard_deviation: 9971.179834335768
