account_balance: 93847.65625
downside_deviation: 115345.60333533546
mean: -59.5703125
median: -195.3125
roi: -0.0615234375
sharpe: -0.00010541053139150577
sortino: -9.66863359115444e-07
standard_deviation: 479.98717449855417
total: -5957.03125
