account_balance: 87304.6875
downside_deviation: 115109.92037827772
mean: -136.71875
median: -195.3125
roi: -0.126953125
sharpe: -0.00014577406080958132
sortino: -1.5372534740575899e-06
standard_deviation: 352.37536235681085
total: -13671.875
