account_balance: 101746.09375000147
downside_deviation: 79103.69794640788
mean: 19.531250000010694
median: -207.03124999998934
roi: 0.0174609375000147
sharpe: -9.457816794142752e-05
sortino: -4.1134691986246026e-07
standard_deviation: 526.5981418760834
total: 1953.1250000010693
