account_balance: 105359.37500000147
downside_deviation: 87984.67963888447
mean: 57.61718750001071
median: -109.37499999998934
roi: 0.0535937500000147
sharpe: -9.505855581973701e-05
sortino: 4.0845179123962544e-08
standard_deviation: 519.930349233625
total: 5761.7187500010705
