account_balance: 83007.8125
downside_deviation: 1770207.2367167354
mean: -166.015625
median: -195.3125
roi: -0.169921875
sharpe: -8.26663417221547e-05
sortino: -1.242351010878798e-07
standard_deviation: 624.9237013975061
total: -16601.5625
