account_balance: 87717.06211646974
downside_deviation: 151396.43918500727
mean: -118.81766372829071
median: -256.93663414272373
roi: -0.12282937883530264
sharpe: -0.00010770426107982227
sortino: -1.1415683206664075e-06
standard_deviation: 475.26603055515227
sum: -11881.766372829072
