account_balance: 96289.0625
downside_deviation: 118533.2509256612
mean: -37.109375
median: -195.3125
roi: -0.037109375
sharpe: -9.006862803056698e-05
sortino: -7.348940007950271e-07
standard_deviation: 559.2523706801145
total: -3710.9375
