account_balance: 107996.09375000147
downside_deviation: 81951.42297452323
mean: 75.19531250001067
median: -109.37499999998934
roi: 0.07996093750001469
sharpe: -8.368133574654809e-05
sortino: 3.6559386539668556e-07
standard_deviation: 588.5188905703075
total: 7519.531250001068
