account_balance: 219587.13964180503
downside_deviation: 121628322.27101941
mean: 1283.1715358579086
median: 343.73937245759777
roi: 1.1958713964180503
sharpe: -3.6937440746952843e-06
sortino: 9.42109021174157e-09
standard_deviation: 10062.49590924545
