account_balance: 90637.43368150992
downside_deviation: 2343806.733284638
mean: -90.08104195489055
median: -223.9453870021557
roi: -0.09362566318490077
sharpe: -6.976936038057756e-05
sortino: -6.127879963192278e-08
standard_deviation: 729.558220713153
sum: -9008.104195489055
