account_balance: 162373.0113198415
downside_deviation: 125471603.34064259
mean: 571.1169572879647
median: 613.1880988723146
roi: 0.6237301131984149
sharpe: -4.377498024243569e-06
sortino: 4.5725893184037524e-09
standard_deviation: 10117.38444696922
