account_balance: 88281.25
downside_deviation: 202209.3757909363
mean: -118.1640625
median: -292.96875
roi: -0.1171875
sharpe: -0.00010199142802602415
sortino: -8.268038974258774e-07
standard_deviation: 501.82296312137606
total: -11816.40625
