account_balance: 87500.0
downside_deviation: 146770.3890276738
mean: -121.09375
median: -244.140625
roi: -0.125
sharpe: -0.00010441658339359692
sortino: -1.192338598809624e-06
standard_deviation: 490.4483161162346
total: -12109.375
