account_balance: 93339.36626800158
downside_deviation: 139328.893028194
mean: -71.07187176225808
median: -287.9486790622443
roi: -0.06660633731998417
sharpe: -8.124089858233444e-05
sortino: -8.369142593875931e-07
standard_deviation: 624.2018441761728
sum: -7107.187176225808
