account_balance: 130705.47739379779
downside_deviation: 163596207.13862383
mean: 304.8864657593624
median: 685.9886587608542
roi: 0.30705477393797787
sharpe: -3.902024273424969e-06
sortino: 1.5712758775645795e-09
standard_deviation: 12032.507245577797
