account_balance: 80155.85107463789
downside_deviation: 96301575.90069993
mean: -155.8538451907833
median: -1593.5861926373866
roi: -0.19844148925362112
sharpe: -5.18075243952337e-06
sortino: -2.5798278681316517e-09
standard_deviation: 9951.940196673677
