account_balance: 81821.44714025807
downside_deviation: 388694.0798826001
mean: -175.23171430748747
median: -231.30531647106432
roi: -0.18178552859741934
sharpe: -0.00011785964106836545
sortino: -5.963186490193705e-07
standard_deviation: 439.10126209408287
