account_balance: 104773.43750000147
downside_deviation: 80518.261408061
mean: 41.99218750001068
median: -60.54687499998934
roi: 0.0477343750000147
sharpe: -0.00010001635453729365
sortino: -2.8138026832239615e-08
standard_deviation: 495.7197085853864
total: 4199.218750001068
