account_balance: -1407.8251252776809
downside_deviation: 128196223.68261397
mean: -1742.782664708473
median: -1277.7092413516175
roi: -1.0140782512527768
sharpe: -6.524113170943626e-06
sortino: -8.300386865429076e-09
standard_deviation: 10335.171214899725
