account_balance: 99011.71875000147
downside_deviation: 78634.94814969346
mean: -8.789062499989322
median: -207.03124999998934
roi: -0.009882812499985303
sharpe: -9.995734037341784e-05
sortino: -7.615292425193612e-07
standard_deviation: 501.09267051207
total: -878.9062499989323
