account_balance: 83593.75
downside_deviation: 183183.68428123064
mean: -159.1796875
median: -292.96875
roi: -0.1640625
sharpe: -0.00013080139069121755
sortino: -1.1685675001020452e-06
standard_deviation: 394.42850417999455
total: -15917.96875
