account_balance: -8458.508927475068
downside_deviation: 114636827.91159055
mean: -2954.6473566745485
median: -1764.0049945743708
roi: -1.0845850892747506
sharpe: -8.253539519929164e-06
sortino: -9.897212876038038e-09
standard_deviation: 9637.861837902508
