account_balance: 82923.7920170808
downside_deviation: 131486.06127501238
mean: -169.90087965570842
median: -253.15898215020337
roi: -0.17076207982919195
sharpe: -0.0001301207412564627
sortino: -1.6789770542099703e-06
standard_deviation: 397.31566464611853
sum: -16990.08796557084
