account_balance: 91796.875
downside_deviation: 110344.20053646169
mean: -78.125
median: -292.96875
roi: -0.08203125
sharpe: -9.636241116594315e-05
sortino: -1.1965400026290653e-06
standard_deviation: 526.9819360637516
total: -7812.5
