account_balance: 93847.65625
downside_deviation: 127516.75257277448
mean: -62.5
median: -195.3125
roi: -0.0615234375
sharpe: -9.202953324769704e-05
sortino: -8.745787141681873e-07
standard_deviation: 550.0951511265744
total: -6250.0
