account_balance: 84082.03125
downside_deviation: 181803.9862098312
mean: -153.3203125
median: -292.96875
roi: -0.1591796875
sharpe: -9.904712635010169e-05
sortino: -1.1505781136095268e-06
standard_deviation: 520.2897350383058
total: -15332.03125
