account_balance: 99597.65625000147
downside_deviation: 86191.90873890609
mean: -2.929687499989339
median: -207.03124999998934
roi: -0.004023437499985303
sharpe: -9.702042511710329e-05
sortino: -6.267808462582488e-07
standard_deviation: 515.6573661124935
total: -292.9687499989339
