account_balance: 89168.06712688753
downside_deviation: 134005380.23787294
mean: -98.9974008367573
median: 902.3941056402273
roi: -0.1083193287311247
sharpe: -5.478353868247369e-06
sortino: -1.1814400918089412e-09
standard_deviation: 9307.535663934805
