account_balance: 93554.6875
downside_deviation: 114589.78107488774
mean: -60.546875
median: -195.3125
roi: -0.064453125
sharpe: -9.50936147471166e-05
sortino: -9.98807432271832e-07
standard_deviation: 532.1647398153455
total: -6054.6875
