account_balance: 87792.96875
downside_deviation: 112954.03671346584
mean: -117.1875
median: -292.96875
roi: -0.1220703125
sharpe: -0.00010998117580221174
sortino: -1.523365764576403e-06
standard_deviation: 465.27848631139045
total: -11718.75
