account_balance: 92270.1751498049
downside_deviation: 139877.68226385314
mean: -90.5068528852688
median: -279.01714786138234
roi: -0.07729824850195102
sharpe: -8.953222438659787e-05
sortino: -9.100683285688609e-07
standard_deviation: 568.5670034181873
sum: -9050.68528852688
