account_balance: 103796.87500000147
downside_deviation: 84329.80255572448
mean: 34.179687500010694
median: -109.37499999998934
roi: 0.0379687500000147
sharpe: -9.667038334351896e-05
sortino: -1.4266901659155608e-07
standard_deviation: 513.6857991815247
total: 3417.9687500010696
