account_balance: 109851.56250000147
downside_deviation: 79205.11003191334
mean: 99.6093750000107
median: -109.37499999998934
roi: 0.09851562500001469
sharpe: -8.174720350078464e-05
sortino: 6.125315018243995e-07
standard_deviation: 599.4566682581324
total: 9960.93750000107
