account_balance: 102917.96875000147
downside_deviation: 67958.89385612229
mean: 33.20312500001066
median: -109.37499999998934
roi: 0.0291796875000147
sharpe: -0.00011165651017380856
sortino: -3.0636626523181176e-07
standard_deviation: 444.82823861040384
total: 3320.312500001066
