account_balance: 107898.43750000147
downside_deviation: 84136.2098756253
mean: 73.24218750001067
median: -109.37499999998934
roi: 0.07898437500001469
sharpe: -7.999566435171483e-05
sortino: 3.4449347127545874e-07
standard_deviation: 615.8781044480914
total: 7324.218750001068
