account_balance: 103417.96875
downside_deviation: 118262.62324398383
mean: 31.25
median: -195.3125
roi: 0.0341796875
sharpe: -7.896433502625779e-05
sortino: -1.3377271758433451e-07
standard_deviation: 629.2397698717725
total: 3125.0
