account_balance: 106531.25000000147
downside_deviation: 67673.94549553195
mean: 51.757812500010694
median: -109.37499999998934
roi: 0.06531250000001469
sharpe: -9.493442738234271e-05
sortino: 2.262687639665648e-07
standard_deviation: 521.2273696634036
total: 5175.78125000107
