account_balance: 106042.96875000147
downside_deviation: 86841.9833208602
mean: 59.570312500010694
median: -60.54687499998934
roi: 0.0604296875000147
sharpe: -0.00010553999571910624
sortino: 1.200996004602925e-07
standard_deviation: 468.1097108103831
total: 5957.03125000107
