account_balance: 88085.9375
downside_deviation: 447232.59199768153
mean: -116.2109375
median: -244.140625
roi: -0.119140625
sharpe: -9.601310965080606e-05
sortino: -3.7819387054169973e-07
standard_deviation: 532.8658717655696
total: -11621.09375
