account_balance: 100281.25000000147
downside_deviation: 87641.79532259706
mean: -6.835937499989331
median: -207.03124999998934
roi: 0.0028125000000146973
sharpe: -0.00010199577453577294
sortino: -5.384132060085577e-07
standard_deviation: 490.8866039096496
total: -683.5937499989332
