account_balance: 95410.15625
downside_deviation: 111809.83371033134
mean: -52.734375
median: -195.3125
roi: -0.0458984375
sharpe: -9.566991049103141e-05
sortino: -8.576923363328363e-07
standard_deviation: 528.1424796016371
total: -5273.4375
