account_balance: 101757.8125
downside_deviation: 101726.4868422937
mean: 15.625
median: -97.65625
roi: 0.017578125
sharpe: -9.875019308772815e-05
sortino: -3.187161574768973e-07
standard_deviation: 504.7458485040083
sum: 1562.5
