account_balance: 89062.5
downside_deviation: 116479.11345245317
mean: -108.3984375
median: -292.96875
roi: -0.109375
sharpe: -9.519110072105505e-05
sortino: -1.3682710597300086e-06
standard_deviation: 536.646640159093
total: -10839.84375
