account_balance: 93359.375
downside_deviation: 115396.80750816116
mean: -63.4765625
median: -195.3125
roi: -0.06640625
sharpe: -0.00010078416449698833
sortino: -1.0087475772825643e-06
standard_deviation: 502.4079514645685
total: -6347.65625
