account_balance: 104089.84375000147
downside_deviation: 83019.59065104467
mean: 43.94531250001069
median: -60.54687499998934
roi: 0.0408984375000147
sharpe: -0.000108236022411579
sortino: -1.096315029815288e-07
standard_deviation: 457.89327592380135
total: 4394.531250001069
