account_balance: 84765.625
downside_deviation: 108403.70794310568
mean: -149.4140625
median: -292.96875
roi: -0.15234375
sharpe: -0.0001331247348433819
sortino: -1.8665759118331778e-06
standard_deviation: 386.8112164548657
total: -14941.40625
