account_balance: 90039.0625
downside_deviation: 6978789.106948185
mean: -96.6796875
median: -195.3125
roi: -0.099609375
sharpe: -5.550560582390199e-05
sortino: -2.143772690466412e-08
standard_deviation: 918.2279180358487
total: -9667.96875
