account_balance: 88867.1875
downside_deviation: 1669092.0628911369
mean: -119.140625
median: -195.3125
roi: -0.111328125
sharpe: -8.861660669665742e-05
sortino: -9.665621722540196e-08
standard_deviation: 577.6728330981208
total: -11914.0625
