account_balance: 98816.40625000147
downside_deviation: 81648.20773718589
mean: -16.601562499989328
median: -207.03124999998934
roi: -0.011835937499985303
sharpe: -9.95133462845625e-05
sortino: -7.573459260615555e-07
standard_deviation: 504.1134430506247
total: -1660.1562499989327
