account_balance: 89843.75
downside_deviation: 171889.25208747457
mean: -97.65625
median: -292.96875
roi: -0.1015625
sharpe: -9.588074576736919e-05
sortino: -8.817450664272466e-07
standard_deviation: 531.6663120631328
total: -9765.625
