account_balance: 92089.84375
downside_deviation: 118969.79220035969
mean: -81.0546875
median: -195.3125
roi: -0.0791015625
sharpe: -0.00010537247429495668
sortino: -1.0851625451490841e-06
standard_deviation: 482.1994284083342
total: -8105.46875
