account_balance: 102050.78125
downside_deviation: 166926.36673579627
mean: 20.5078125
median: -195.3125
roi: 0.0205078125
sharpe: -9.361732935649738e-05
sortino: -1.766778255389632e-07
standard_deviation: 531.8985514463841
total: 2050.78125
