account_balance: 87792.96875
downside_deviation: 100538.89943325311
mean: -118.1640625
median: -292.96875
roi: -0.1220703125
sharpe: -0.00011534459539650066
sortino: -1.7114799691460314e-06
standard_deviation: 443.728121365908
total: -11816.40625
