account_balance: 99597.65625000147
downside_deviation: 78549.1313877932
mean: -3.906249999989318
median: -207.03124999998934
roi: -0.004023437499985303
sharpe: -0.00010323933026762386
sortino: -6.877661986263636e-07
standard_deviation: 484.6899177889406
total: -390.6249999989318
