account_balance: 97265.625
downside_deviation: 114229.1078335188
mean: -22.4609375
median: -97.65625
roi: -0.02734375
sharpe: -0.00011359790297839626
sortino: -6.770931811244055e-07
standard_deviation: 442.1262017887036
total: -2246.09375
