account_balance: 103015.62500000147
downside_deviation: 82667.22512459723
mean: 30.273437500010676
median: -11.718749999989342
roi: 0.0301562500000147
sharpe: -0.00010828860669083806
sortino: -2.4004374127807625e-07
standard_deviation: 458.9334662591482
total: 3027.3437500010677
