account_balance: 94824.21875
downside_deviation: 101836.49081985155
mean: -47.8515625
median: -195.3125
roi: -0.0517578125
sharpe: -9.960683985335556e-05
sortino: -9.992274054298403e-07
standard_deviation: 506.7776038203412
total: -4785.15625
