account_balance: 101941.40625000147
downside_deviation: 85572.22232499822
mean: 24.414062500010672
median: -109.37499999998934
roi: 0.0194140625000147
sharpe: -0.00010016591320449085
sortino: -3.574283414519928e-07
standard_deviation: 496.7344457133061
total: 2441.4062500010673
