account_balance: 86881.06302130898
downside_deviation: 1532711.8227536946
mean: -128.37322859792047
median: -260.2466916370116
roi: -0.13118936978691026
sharpe: -8.178584353009247e-05
sortino: -1.182148966929625e-07
standard_deviation: 627.049010836573
sum: -12837.322859792046
