account_balance: 105750.00000000147
downside_deviation: 82866.76468950859
mean: 56.64062500001068
median: -109.37499999998934
roi: 0.0575000000000147
sharpe: -9.30256979525963e-05
sortino: 9.05067312343647e-08
standard_deviation: 531.3971820473746
total: 5664.062500001068
