account_balance: -3114.0731368211873
downside_deviation: 76623826.66001604
mean: -7419.910442097861
median: -6468.085375073151
roi: -1.031140731368212
sharpe: -2.86289287773035e-05
sortino: -1.4109719893856128e-08
standard_deviation: 4338.237919661229
