account_balance: 83368.21350179447
downside_deviation: 84428774.15614289
mean: -147.76945642240537
median: 161.52276262124633
roi: -0.16631786498205534
sharpe: -5.559329720361549e-06
sortino: -2.5621343806555367e-09
standard_deviation: 9259.694451236148
