account_balance: 86035.15625
downside_deviation: 2342702.05710802
mean: -133.7890625
median: -195.3125
roi: -0.1396484375
sharpe: -7.875878599786439e-05
sortino: -8.095286249678461e-08
standard_deviation: 651.8369979241689
total: -13378.90625
