account_balance: 80957.03125
downside_deviation: 124569.81677406328
mean: -185.546875
median: -390.625
roi: -0.1904296875
sharpe: -0.00011055304877287598
sortino: -1.9300798036499958e-06
standard_deviation: 469.05507650479797
total: -18554.6875
