account_balance: 86523.06040610686
downside_deviation: 136990462.16795623
mean: -136.49303691712876
median: -569.171656776191
roi: -0.13476939593893142
sharpe: -4.841860799062171e-06
sortino: -1.3487756228780086e-09
standard_deviation: 10608.510343610096
