account_balance: 77144.69174583994
downside_deviation: 144276.53396679065
mean: -230.26233897510235
median: -334.91835328254285
roi: -0.2285530825416006
sharpe: -0.00012128137121590497
sortino: -1.9306887605555976e-06
standard_deviation: 431.2502642853695
