account_balance: 89453.125
downside_deviation: 100818.21807426344
mean: -100.5859375
median: -244.140625
roi: -0.10546875
sharpe: -0.00011584064039435146
sortino: -1.5420700045053422e-06
standard_deviation: 440.31057840635964
total: -10058.59375
