account_balance: 84863.28125
downside_deviation: 122164.97324976273
mean: -153.3203125
median: -292.96875
roi: -0.1513671875
sharpe: -0.00011762999286233905
sortino: -1.6483217909630337e-06
standard_deviation: 438.09577702949184
total: -15332.03125
