account_balance: 93933.59375000147
downside_deviation: 86131.42105424088
mean: -56.640624999989306
median: -207.03124999998934
roi: -0.0606640624999853
sharpe: -0.00011206742169639304
sortino: -1.2848280121872726e-06
standard_deviation: 451.21414845245255
total: -5664.06249999893
