account_balance: 94238.28125
downside_deviation: 138878.72718921705
mean: -61.5234375
median: -292.96875
roi: -0.0576171875
sharpe: -8.584479648250816e-05
sortino: -7.749004450003032e-07
standard_deviation: 589.61330737517
total: -6152.34375
