account_balance: 94140.625
downside_deviation: 322880.45293922356
mean: -72.265625
median: -195.3125
roi: -0.05859375
sharpe: -8.738067114257959e-05
sortino: -3.3632804033646725e-07
standard_deviation: 580.479133276918
total: -7226.5625
