account_balance: 84863.28125
downside_deviation: 146675.43681119886
mean: -149.4140625
median: -195.3125
roi: -0.1513671875
sharpe: -0.00013064994360302546
sortino: -1.3728760034933494e-06
standard_deviation: 394.1382537558749
total: -14941.40625
