account_balance: 87402.34375
downside_deviation: 116435.98280020583
mean: -120.1171875
median: -195.3125
roi: -0.1259765625
sharpe: -0.00012284012127999506
sortino: -1.5113589310442003e-06
standard_deviation: 416.81147284359025
total: -12011.71875
