account_balance: 117078.12500000147
downside_deviation: 89642.55261059306
mean: 170.89843750001066
median: -11.718749999989342
roi: 0.1707812500000147
sharpe: -8.108398918362138e-05
sortino: 1.3473651350010974e-06
standard_deviation: 595.5678317163319
total: 17089.843750001066
