account_balance: 63399.1676345764
downside_deviation: 125876648.33352375
mean: -275.5538803982302
median: -1041.6675388479662
roi: -0.366008323654236
sharpe: -5.460821611318924e-06
sortino: -3.3048887872512866e-09
standard_deviation: 9660.732863830088
