account_balance: 108875.00000000147
downside_deviation: 93564.97400218855
mean: 91.7968750000107
median: -109.37499999998934
roi: 0.08875000000001469
sharpe: -7.987201352105758e-05
sortino: 4.141507055739501e-07
standard_deviation: 614.5085003655233
total: 9179.68750000107
