account_balance: 85079.84328322367
downside_deviation: 130835.25495826469
mean: -146.23697867127984
median: -309.303453261589
roi: -0.14920156716776328
sharpe: -0.00012331662315623115
sortino: -1.5225373866646787e-06
standard_deviation: 417.3189994143334
sum: -14623.697867127983
