account_balance: 99511.71875
downside_deviation: 332015.06901079416
mean: -7.8125
median: -97.65625
roi: -0.0048828125
sharpe: -9.155157897781421e-05
sortino: -1.6530217337278658e-07
standard_deviation: 546.993569735542
total: -781.25
