account_balance: 81738.28125
downside_deviation: 284886.8959632544
mean: -178.7109375
median: -292.96875
roi: -0.1826171875
sharpe: -0.0001158835742219247
sortino: -8.1652470084129e-07
standard_deviation: 446.88912749467204
sum: -17871.09375
