account_balance: 83789.0625
downside_deviation: 866193.6424637216
mean: -164.0625
median: -292.96875
roi: -0.162109375
sharpe: -8.743470383875204e-05
sortino: -2.448752387476495e-07
standard_deviation: 590.6193162755621
total: -16406.25
