account_balance: 87988.28125
downside_deviation: 186080.68433219558
mean: -116.2109375
median: -292.96875
roi: -0.1201171875
sharpe: -0.00010555572947064805
sortino: -9.142119619267028e-07
standard_deviation: 484.6928691751089
total: -11621.09375
