account_balance: 91210.9375
downside_deviation: 143022.36563190608
mean: -83.0078125
median: -292.96875
roi: -0.087890625
sharpe: -9.585212752904341e-05
sortino: -9.641193137224876e-07
standard_deviation: 530.2968169339629
total: -8300.78125
