account_balance: 88671.875
downside_deviation: 114665.76134382958
mean: -107.421875
median: -244.140625
roi: -0.11328125
sharpe: -0.00011260991128086086
sortino: -1.423975632188889e-06
standard_deviation: 453.5499421770751
total: -10742.1875
