account_balance: 99695.31250000147
downside_deviation: 82302.50260351671
mean: 1.9531250000106843
median: -109.37499999998934
roi: -0.0030468749999853027
sharpe: -0.00011259806281540611
sortino: -6.445353825452041e-07
standard_deviation: 443.8839132777813
total: 195.31250000106843
