account_balance: 114636.71875000147
downside_deviation: 95453.01200262783
mean: 142.57812500001066
median: -109.37499999998934
roi: 0.1463671875000147
sharpe: -7.802067380537395e-05
sortino: 1.009577230494955e-06
standard_deviation: 622.5813797913415
total: 14257.812500001066
