account_balance: 214174.53485725817
downside_deviation: 152566076.26997876
mean: 1178.0965282663744
median: 1305.555861226982
roi: 1.1417453485725817
sharpe: -3.5501636891227743e-06
sortino: 7.155885340071567e-09
standard_deviation: 10765.428882739761
