account_balance: 89941.40625
downside_deviation: 218648.93796290172
mean: -94.7265625
median: -292.96875
roi: -0.1005859375
sharpe: -8.450968647633511e-05
sortino: -6.887110401860263e-07
standard_deviation: 602.857113181535
total: -9472.65625
