account_balance: 106238.28125000147
downside_deviation: 82400.87478278352
mean: 63.47656250001068
median: -11.718749999989342
roi: 0.0623828125000147
sharpe: -9.750568919267181e-05
sortino: 1.5027525536175386e-07
standard_deviation: 506.2805543321057
total: 6347.656250001068
