account_balance: 101550.78125000147
downside_deviation: 83554.23097555187
mean: 14.648437500010669
median: -109.37499999998934
roi: 0.015507812500014697
sharpe: -9.099098984686579e-05
sortino: -4.128119796839227e-07
standard_deviation: 547.8950795996545
total: 1464.8437500010668
