account_balance: 105359.37500000147
downside_deviation: 83048.42491153048
mean: 58.59375000001068
median: -60.54687499998934
roi: 0.0535937500000147
sharpe: -0.00010555052216916834
sortino: 4.327294592092545e-08
standard_deviation: 468.1555475472001
total: 5859.375000001068
