account_balance: 99902.34375
downside_deviation: 108916.21323365055
mean: 2.9296875
median: -195.3125
roi: -0.0009765625
sharpe: -8.15940354536468e-05
sortino: -4.68034656976583e-07
standard_deviation: 612.4308332977124
total: 292.96875
