account_balance: 171600.50033832694
downside_deviation: 100795120.10796581
mean: 539.1423522305201
median: 200.53609774866723
roi: 0.7160050033832693
sharpe: -4.347432681889535e-06
sortino: 6.607512374308239e-09
standard_deviation: 10260.901028674805
