account_balance: 102089.500755321
downside_deviation: 156346793.943971
mean: 25.775634690339572
median: 229.66335804986988
roi: 0.020895007553210016
sharpe: -4.521754187745354e-06
sortino: -1.861566311185131e-10
standard_deviation: 11000.651868229746
