account_balance: 99128.24986631438
downside_deviation: 137808.35734440238
mean: -5.805789837892032
median: -190.08104193229957
roi: -0.00871750133685622
sharpe: -8.339342332473619e-05
sortino: -4.26080844938257e-07
standard_deviation: 600.2638565807703
sum: -580.5789837892032
