account_balance: 84828.81802681882
downside_deviation: 136441.106037309
mean: -148.03248919571234
median: -265.1009119857828
roi: -0.15171181973181186
sharpe: -0.00010211302965859707
sortino: -1.4783801274423485e-06
standard_deviation: 504.1504014137622
