account_balance: 99500.00000000147
downside_deviation: 81231.76562533616
mean: -0.9765624999893183
median: -158.20312499998934
roi: -0.004999999999985303
sharpe: -9.963355576484064e-05
sortino: -6.770750281812269e-07
standard_deviation: 501.93697536034017
total: -97.65624999893183
