account_balance: 156214.3540984722
downside_deviation: 180143364.40994346
mean: 465.90634810979435
median: 1963.5815050732213
roi: 0.562143540984722
sharpe: -4.290878324520386e-06
sortino: 2.8429775510313103e-09
standard_deviation: 10566.819445752997
