account_balance: 100488.28125
downside_deviation: 108683.9966962689
mean: 9.765625
median: -195.3125
roi: 0.0048828125
sharpe: -8.973201614216302e-05
sortino: -4.151226387642484e-07
standard_deviation: 556.1264072228065
total: 976.5625
