account_balance: 85975.72920771346
downside_deviation: 134833.68490057753
mean: -158.25320457223046
median: -338.31126162139344
roi: -0.14024270792286536
sharpe: -0.00010523315780393925
sortino: -1.4109434750162382e-06
standard_deviation: 490.173754377172
