account_balance: 93750.0
downside_deviation: 187738.00012297343
mean: -59.5703125
median: -292.96875
roi: -0.0625
sharpe: -8.07975383355531e-05
sortino: -5.992393651062091e-07
standard_deviation: 626.2035226231209
total: -5957.03125
