account_balance: 135471.61150676216
downside_deviation: 133524359.1458727
mean: 187.73456792447539
median: -118.03972054319925
roi: 0.3547161150676216
sharpe: -4.690563622853311e-06
sortino: 2.2821013110778185e-09
standard_deviation: 10259.46094970178
