account_balance: 83723.40859671013
downside_deviation: 407589.2504984042
mean: -156.8068402177678
median: -224.50224145545982
roi: -0.16276591403289872
sharpe: -0.00010003161997187145
sortino: -5.220106118420112e-07
standard_deviation: 515.5176774771662
