account_balance: 97156.25000000147
downside_deviation: 87013.68429838435
mean: -27.343749999989313
median: -207.03124999998934
roi: -0.0284374999999853
sharpe: -9.96014878557256e-05
sortino: -9.014386717727078e-07
standard_deviation: 504.7458485040083
total: -2734.3749999989313
