account_balance: 90136.71875
downside_deviation: 236982.03381997667
mean: -93.75
median: -292.96875
roi: -0.0986328125
sharpe: -0.00010281271072120492
sortino: -6.271902139759204e-07
standard_deviation: 495.4397140459233
total: -9375.0
