account_balance: 104871.09375000147
downside_deviation: 74815.86005247784
mean: 53.710937500010694
median: -109.37499999998934
roi: 0.0487109375000147
sharpe: -9.693695575002933e-05
sortino: -1.722980259908956e-08
standard_deviation: 510.25834515114667
total: 5371.09375000107
