account_balance: 51727.91587768688
downside_deviation: 113286888.12378693
mean: -364.48978374178137
median: 434.2654697627912
roi: -0.4827208412231312
sharpe: -5.467218569320706e-06
sortino: -4.702405106591285e-09
standard_deviation: 9812.10045971934
