account_balance: 104871.09375000147
downside_deviation: 83305.21819377287
mean: 52.73437500001068
median: -109.37499999998934
roi: 0.0487109375000147
sharpe: -0.00010015613738857981
sortino: -1.547397063395078e-08
standard_deviation: 493.9553135726354
total: 5273.437500001068
