account_balance: 101062.50000000147
downside_deviation: 84467.97537618886
mean: 12.695312500010669
median: -109.37499999998934
roi: 0.010625000000014697
sharpe: -0.00011042968836536752
sortino: -4.6615299851362294e-07
standard_deviation: 451.62716306859437
total: 1269.5312500010668
