account_balance: 93554.6875
downside_deviation: 106381.88157858695
mean: -61.5234375
median: -244.140625
roi: -0.064453125
sharpe: -9.238712404971101e-05
sortino: -1.0758704706256829e-06
standard_deviation: 547.8602661964595
sum: -6152.34375
