account_balance: 89355.46875
downside_deviation: 6683947.822435104
mean: -105.46875
median: -195.3125
roi: -0.1064453125
sharpe: -5.431307977716684e-05
sortino: -2.3406124143411348e-08
standard_deviation: 940.007226794444
total: -10546.875
