account_balance: 92089.84375
downside_deviation: 1506697.9839764202
mean: -79.1015625
median: -195.3125
roi: -0.0791015625
sharpe: -7.501224715687841e-05
sortino: -8.568509673005604e-08
standard_deviation: 677.1029738487524
total: -7910.15625
