account_balance: 182127.85161709524
downside_deviation: 117470030.90443707
mean: 782.2593507925262
median: 769.0231323943132
roi: 0.8212785161709524
sharpe: -4.084950065595195e-06
sortino: 6.565747112115722e-09
standard_deviation: 10325.072721771274
