account_balance: 88043.77506815463
downside_deviation: 122134188.87539677
mean: -105.25184032678975
median: -968.85530162187
roi: -0.11956224931845369
sharpe: -4.880757897777853e-06
sortino: -1.3883274689894064e-09
standard_deviation: 10459.957136270059
