account_balance: 100976.5625
downside_deviation: 116679.21099626317
mean: 12.6953125
median: -146.484375
roi: 0.009765625
sharpe: -9.303448361488833e-05
sortino: -3.4482899444090834e-07
standard_deviation: 536.070550801862
total: 1269.53125
