account_balance: 98132.81250000147
downside_deviation: 78435.2302719953
mean: -18.554687499989324
median: -109.37499999998934
roi: -0.0186718749999853
sharpe: -0.00011144097498144846
sortino: -8.755233427867436e-07
standard_deviation: 450.3329846437028
total: -1855.4687499989325
