account_balance: 94335.9375
downside_deviation: 98951.05573680383
mean: -54.6875
median: -195.3125
roi: -0.056640625
sharpe: -0.00010396509162659386
sortino: -1.077710835987939e-06
standard_deviation: 486.19083780108275
total: -5468.75
