account_balance: 88619.51431347209
downside_deviation: 931307.5291595485
mean: -107.14216475827885
median: -238.93352854589267
roi: -0.11380485686527915
sharpe: -8.305878289546488e-05
sortino: -1.7588696723315834e-07
standard_deviation: 614.8828560594206
sum: -10714.216475827885
