account_balance: 88901.90712540646
downside_deviation: 0.0
mean: 0.017712037202532026
median: 0.0
roi: -0.11098092874593538
sharpe: -1.3024744031524722
sortino: 0.0
standard_deviation: 0.03838833435698224
