account_balance: 84667.96875
downside_deviation: 115474.72307355239
mean: -148.4375
median: -195.3125
roi: -0.1533203125
sharpe: -0.0001254896673201251
sortino: -1.7607343588994256e-06
standard_deviation: 410.26784196234235
total: -14843.75
