account_balance: 86521.57732634932
downside_deviation: 130578.70473653283
mean: -132.41606664400217
median: -295.29123675124947
roi: -0.13478422673650683
sharpe: -9.818452564127699e-05
sortino: -1.4151176266401468e-06
standard_deviation: 522.7316660260284
