account_balance: 95495.81632295955
downside_deviation: 129447.85694319493
mean: -41.32773238154885
median: -180.24871936822564
roi: -0.04504183677040448
sharpe: -8.90671941291552e-05
sortino: -7.342094262102099e-07
standard_deviation: 566.0139832261005
