account_balance: 95214.84375
downside_deviation: 93084.43233312592
mean: -43.9453125
median: -292.96875
roi: -0.0478515625
sharpe: -9.287480567267187e-05
sortino: -1.0512129692085752e-06
standard_deviation: 543.0908065936515
total: -4394.53125
