account_balance: 102917.96875000147
downside_deviation: 82472.57172610606
mean: 26.367187500010665
median: -109.37499999998934
roi: 0.0291796875000147
sharpe: -0.00010953853402840224
sortino: -2.524513552109203e-07
standard_deviation: 454.05325683931255
total: 2636.7187500010664
