account_balance: 105652.34375000147
downside_deviation: 88114.30529506804
mean: 59.57031250001068
median: -109.37499999998934
roi: 0.0565234375000147
sharpe: -8.215748239679876e-05
sortino: 7.403380731618647e-08
standard_deviation: 601.3365482207731
total: 5957.031250001068
