account_balance: 103894.53125000147
downside_deviation: 85579.3761478368
mean: 37.10937500001069
median: -109.37499999998934
roi: 0.0389453125000147
sharpe: -0.00010380078638462977
sortino: -1.2917466798178729e-07
standard_deviation: 478.1168619099081
total: 3710.9375000010687
