account_balance: 90039.0625
downside_deviation: 2541463.3734757826
mean: -97.65625
median: -292.96875
roi: -0.099609375
sharpe: -7.244412330576466e-05
sortino: -5.886741338136605e-08
standard_deviation: 703.6673255723367
total: -9765.625
