account_balance: 96179.68750000147
downside_deviation: 86765.67303332103
mean: -33.20312499998931
median: -207.03124999998934
roi: -0.0382031249999853
sharpe: -9.710434374692937e-05
sortino: -1.016567058335527e-06
standard_deviation: 518.3293486970452
total: -3320.3124999989313
