account_balance: -1421.7674145440506
downside_deviation: 152431494.99983746
mean: -1668.0598339973412
median: -1295.5257472522992
roi: -1.0142176741454405
sharpe: -5.662352422145698e-06
sortino: -6.981612783805442e-09
standard_deviation: 11776.130019598004
