account_balance: 87304.6875
downside_deviation: 6761703.400667048
mean: -134.765625
median: -195.3125
roi: -0.126953125
sharpe: -5.6713113937277504e-05
sortino: -2.616990342737355e-08
standard_deviation: 905.3929979367472
total: -13476.5625
