account_balance: 83984.375
downside_deviation: 317316.9490430418
mean: -158.203125
median: -292.96875
roi: -0.16015625
sharpe: -9.778866085158353e-05
sortino: -6.622912852080075e-07
standard_deviation: 527.4847901669032
sum: -15820.3125
