account_balance: 175001.9701922909
downside_deviation: 106520213.64820406
mean: 893.1769110237603
median: 236.29357697686302
roi: 0.750019701922909
sharpe: -4.134525985787158e-06
sortino: 6.571707640718869e-09
standard_deviation: 9932.996196163358
