account_balance: 94628.90625
downside_deviation: 99558.56076614922
mean: -52.734375
median: -292.96875
roi: -0.0537109375
sharpe: -9.398205115171548e-05
sortino: -1.0417078822945643e-06
standard_deviation: 537.6275909155629
total: -5273.4375
