account_balance: 93652.34375
downside_deviation: 569320.7214516086
mean: -61.5234375
median: -195.3125
roi: -0.0634765625
sharpe: -8.358253332574364e-05
sortino: -1.9931922065064928e-07
standard_deviation: 605.5719103145486
total: -6152.34375
