account_balance: 91503.90625
downside_deviation: 127195.19999760282
mean: -83.984375
median: -195.3125
roi: -0.0849609375
sharpe: -0.00011280030766869353
sortino: -1.0610536993734318e-06
standard_deviation: 450.70660533410967
total: -8398.4375
