account_balance: 100671.87500000147
downside_deviation: 84378.34569236757
mean: 7.812500000010678
median: -158.20312499998934
roi: 0.006718750000014697
sharpe: -9.542230361856984e-05
sortino: -5.129426234283271e-07
standard_deviation: 523.1677826554247
total: 781.2500000010677
