account_balance: -9174.206845509476
downside_deviation: 78316075.67409441
mean: -8168.472836779387
median: -9535.396004640595
roi: -1.0917420684550947
sharpe: -2.2172220880629973e-05
sortino: -1.4578642489778929e-08
standard_deviation: 5939.176281742524
