account_balance: 83593.75
downside_deviation: 136135.9035828496
mean: -159.1796875
median: -292.96875
roi: -0.1640625
sharpe: -0.00011602417512851194
sortino: -1.5724176676854817e-06
standard_deviation: 444.66419880042537
total: -15917.96875
