account_balance: 100476.56250000147
downside_deviation: 81121.80991705241
mean: 9.765625000010694
median: -207.03124999998934
roi: 0.004765625000014697
sharpe: -9.832087733894919e-05
sortino: -5.5761052479275e-07
standard_deviation: 507.5457532581576
total: 976.5625000010693
