account_balance: 91882.81250000147
downside_deviation: 81607.3855493221
mean: -81.0546874999893
median: -207.03124999998934
roi: -0.08117187499998531
sharpe: -0.0001351273602063947
sortino: -1.6073529879315553e-06
standard_deviation: 376.01968096906074
total: -8105.46874999893
