account_balance: 97253.90625000147
downside_deviation: 87963.98378668689
mean: -28.320312499989324
median: -207.03124999998934
roi: -0.0274609374999853
sharpe: -9.720095818068762e-05
sortino: -8.805983331522192e-07
standard_deviation: 517.3118050084245
total: -2832.0312499989323
