account_balance: 98478.97620902679
downside_deviation: 110242460.78587097
mean: -72.98052729864979
median: -88.5115339286746
roi: -0.015210237909732095
sharpe: -5.418588684729484e-06
sortino: -5.915165304264476e-10
standard_deviation: 9362.180491010846
