account_balance: 100476.56250000147
downside_deviation: 91065.03402376936
mean: -3.906249999989318
median: -109.37499999998934
roi: 0.004765625000014697
sharpe: -0.00010866863879240767
sortino: -4.967260539119597e-07
standard_deviation: 460.4738133841055
total: -390.6249999989318
