account_balance: 95605.46875
downside_deviation: 93766.42575351617
mean: -39.0625
median: -195.3125
roi: -0.0439453125
sharpe: -0.00010131289274287388
sortino: -1.0019077910355041e-06
standard_deviation: 497.3762335252673
sum: -3906.25
