account_balance: 104089.84375000147
downside_deviation: 90387.52467446054
mean: 42.96875000001066
median: -109.37499999998934
roi: 0.0408984375000147
sharpe: -8.991975434951976e-05
sortino: -1.0069489714167376e-07
standard_deviation: 551.2727749157228
total: 4296.875000001066
