account_balance: 87109.375
downside_deviation: 149729.6082305057
mean: -130.859375
median: -292.96875
roi: -0.12890625
sharpe: -0.00011535585153836063
sortino: -1.1948622060412892e-06
standard_deviation: 444.78535822639003
total: -13085.9375
