account_balance: 101074.21875
downside_deviation: 237049.49099684446
mean: 11.71875
median: -146.484375
roi: 0.0107421875
sharpe: -8.700775578041312e-05
sortino: -1.6561019530104197e-07
standard_deviation: 573.3145517037855
total: 1171.875
