account_balance: 79980.46875
downside_deviation: 5656372.313693584
mean: -194.3359375
median: -244.140625
roi: -0.2001953125
sharpe: -6.248145858746977e-05
sortino: -4.4232468908437825e-08
standard_deviation: 831.3403775983054
total: -19433.59375
